{
 "cells": [
  {
   "cell_type": "code",
   "execution_count": 1,
   "id": "3272b640",
   "metadata": {},
   "outputs": [],
   "source": [
    "import pandas as pd\n",
    "import numpy as np\n",
    "import matplotlib.pyplot as plt\n",
    "\n",
    "%matplotlib inline"
   ]
  },
  {
   "cell_type": "code",
   "execution_count": 2,
   "id": "cf949667",
   "metadata": {},
   "outputs": [],
   "source": [
    "df = pd.read_csv(\"../MachineLearningWithPython/Notebooks/data/pima-data.csv\")"
   ]
  },
  {
   "cell_type": "code",
   "execution_count": 3,
   "id": "559dd68d",
   "metadata": {},
   "outputs": [
    {
     "data": {
      "text/plain": [
       "(768, 10)"
      ]
     },
     "execution_count": 3,
     "metadata": {},
     "output_type": "execute_result"
    }
   ],
   "source": [
    "df.shape"
   ]
  },
  {
   "cell_type": "code",
   "execution_count": 4,
   "id": "cf1d3a56",
   "metadata": {},
   "outputs": [
    {
     "data": {
      "text/html": [
       "<div>\n",
       "<style scoped>\n",
       "    .dataframe tbody tr th:only-of-type {\n",
       "        vertical-align: middle;\n",
       "    }\n",
       "\n",
       "    .dataframe tbody tr th {\n",
       "        vertical-align: top;\n",
       "    }\n",
       "\n",
       "    .dataframe thead th {\n",
       "        text-align: right;\n",
       "    }\n",
       "</style>\n",
       "<table border=\"1\" class=\"dataframe\">\n",
       "  <thead>\n",
       "    <tr style=\"text-align: right;\">\n",
       "      <th></th>\n",
       "      <th>num_preg</th>\n",
       "      <th>glucose_conc</th>\n",
       "      <th>diastolic_bp</th>\n",
       "      <th>thickness</th>\n",
       "      <th>insulin</th>\n",
       "      <th>bmi</th>\n",
       "      <th>diab_pred</th>\n",
       "      <th>age</th>\n",
       "      <th>skin</th>\n",
       "      <th>diabetes</th>\n",
       "    </tr>\n",
       "  </thead>\n",
       "  <tbody>\n",
       "    <tr>\n",
       "      <th>0</th>\n",
       "      <td>6</td>\n",
       "      <td>148</td>\n",
       "      <td>72</td>\n",
       "      <td>35</td>\n",
       "      <td>0</td>\n",
       "      <td>33.6</td>\n",
       "      <td>0.627</td>\n",
       "      <td>50</td>\n",
       "      <td>1.3790</td>\n",
       "      <td>True</td>\n",
       "    </tr>\n",
       "    <tr>\n",
       "      <th>1</th>\n",
       "      <td>1</td>\n",
       "      <td>85</td>\n",
       "      <td>66</td>\n",
       "      <td>29</td>\n",
       "      <td>0</td>\n",
       "      <td>26.6</td>\n",
       "      <td>0.351</td>\n",
       "      <td>31</td>\n",
       "      <td>1.1426</td>\n",
       "      <td>False</td>\n",
       "    </tr>\n",
       "    <tr>\n",
       "      <th>2</th>\n",
       "      <td>8</td>\n",
       "      <td>183</td>\n",
       "      <td>64</td>\n",
       "      <td>0</td>\n",
       "      <td>0</td>\n",
       "      <td>23.3</td>\n",
       "      <td>0.672</td>\n",
       "      <td>32</td>\n",
       "      <td>0.0000</td>\n",
       "      <td>True</td>\n",
       "    </tr>\n",
       "    <tr>\n",
       "      <th>3</th>\n",
       "      <td>1</td>\n",
       "      <td>89</td>\n",
       "      <td>66</td>\n",
       "      <td>23</td>\n",
       "      <td>94</td>\n",
       "      <td>28.1</td>\n",
       "      <td>0.167</td>\n",
       "      <td>21</td>\n",
       "      <td>0.9062</td>\n",
       "      <td>False</td>\n",
       "    </tr>\n",
       "    <tr>\n",
       "      <th>4</th>\n",
       "      <td>0</td>\n",
       "      <td>137</td>\n",
       "      <td>40</td>\n",
       "      <td>35</td>\n",
       "      <td>168</td>\n",
       "      <td>43.1</td>\n",
       "      <td>2.288</td>\n",
       "      <td>33</td>\n",
       "      <td>1.3790</td>\n",
       "      <td>True</td>\n",
       "    </tr>\n",
       "  </tbody>\n",
       "</table>\n",
       "</div>"
      ],
      "text/plain": [
       "   num_preg  glucose_conc  diastolic_bp  thickness  insulin   bmi  diab_pred  \\\n",
       "0         6           148            72         35        0  33.6      0.627   \n",
       "1         1            85            66         29        0  26.6      0.351   \n",
       "2         8           183            64          0        0  23.3      0.672   \n",
       "3         1            89            66         23       94  28.1      0.167   \n",
       "4         0           137            40         35      168  43.1      2.288   \n",
       "\n",
       "   age    skin  diabetes  \n",
       "0   50  1.3790      True  \n",
       "1   31  1.1426     False  \n",
       "2   32  0.0000      True  \n",
       "3   21  0.9062     False  \n",
       "4   33  1.3790      True  "
      ]
     },
     "execution_count": 4,
     "metadata": {},
     "output_type": "execute_result"
    }
   ],
   "source": [
    "df.head(5)"
   ]
  },
  {
   "cell_type": "code",
   "execution_count": 5,
   "id": "151cd810",
   "metadata": {},
   "outputs": [
    {
     "data": {
      "text/html": [
       "<div>\n",
       "<style scoped>\n",
       "    .dataframe tbody tr th:only-of-type {\n",
       "        vertical-align: middle;\n",
       "    }\n",
       "\n",
       "    .dataframe tbody tr th {\n",
       "        vertical-align: top;\n",
       "    }\n",
       "\n",
       "    .dataframe thead th {\n",
       "        text-align: right;\n",
       "    }\n",
       "</style>\n",
       "<table border=\"1\" class=\"dataframe\">\n",
       "  <thead>\n",
       "    <tr style=\"text-align: right;\">\n",
       "      <th></th>\n",
       "      <th>num_preg</th>\n",
       "      <th>glucose_conc</th>\n",
       "      <th>diastolic_bp</th>\n",
       "      <th>thickness</th>\n",
       "      <th>insulin</th>\n",
       "      <th>bmi</th>\n",
       "      <th>diab_pred</th>\n",
       "      <th>age</th>\n",
       "      <th>skin</th>\n",
       "      <th>diabetes</th>\n",
       "    </tr>\n",
       "  </thead>\n",
       "  <tbody>\n",
       "    <tr>\n",
       "      <th>763</th>\n",
       "      <td>10</td>\n",
       "      <td>101</td>\n",
       "      <td>76</td>\n",
       "      <td>48</td>\n",
       "      <td>180</td>\n",
       "      <td>32.9</td>\n",
       "      <td>0.171</td>\n",
       "      <td>63</td>\n",
       "      <td>1.8912</td>\n",
       "      <td>False</td>\n",
       "    </tr>\n",
       "    <tr>\n",
       "      <th>764</th>\n",
       "      <td>2</td>\n",
       "      <td>122</td>\n",
       "      <td>70</td>\n",
       "      <td>27</td>\n",
       "      <td>0</td>\n",
       "      <td>36.8</td>\n",
       "      <td>0.340</td>\n",
       "      <td>27</td>\n",
       "      <td>1.0638</td>\n",
       "      <td>False</td>\n",
       "    </tr>\n",
       "    <tr>\n",
       "      <th>765</th>\n",
       "      <td>5</td>\n",
       "      <td>121</td>\n",
       "      <td>72</td>\n",
       "      <td>23</td>\n",
       "      <td>112</td>\n",
       "      <td>26.2</td>\n",
       "      <td>0.245</td>\n",
       "      <td>30</td>\n",
       "      <td>0.9062</td>\n",
       "      <td>False</td>\n",
       "    </tr>\n",
       "    <tr>\n",
       "      <th>766</th>\n",
       "      <td>1</td>\n",
       "      <td>126</td>\n",
       "      <td>60</td>\n",
       "      <td>0</td>\n",
       "      <td>0</td>\n",
       "      <td>30.1</td>\n",
       "      <td>0.349</td>\n",
       "      <td>47</td>\n",
       "      <td>0.0000</td>\n",
       "      <td>True</td>\n",
       "    </tr>\n",
       "    <tr>\n",
       "      <th>767</th>\n",
       "      <td>1</td>\n",
       "      <td>93</td>\n",
       "      <td>70</td>\n",
       "      <td>31</td>\n",
       "      <td>0</td>\n",
       "      <td>30.4</td>\n",
       "      <td>0.315</td>\n",
       "      <td>23</td>\n",
       "      <td>1.2214</td>\n",
       "      <td>False</td>\n",
       "    </tr>\n",
       "  </tbody>\n",
       "</table>\n",
       "</div>"
      ],
      "text/plain": [
       "     num_preg  glucose_conc  diastolic_bp  thickness  insulin   bmi  \\\n",
       "763        10           101            76         48      180  32.9   \n",
       "764         2           122            70         27        0  36.8   \n",
       "765         5           121            72         23      112  26.2   \n",
       "766         1           126            60          0        0  30.1   \n",
       "767         1            93            70         31        0  30.4   \n",
       "\n",
       "     diab_pred  age    skin  diabetes  \n",
       "763      0.171   63  1.8912     False  \n",
       "764      0.340   27  1.0638     False  \n",
       "765      0.245   30  0.9062     False  \n",
       "766      0.349   47  0.0000      True  \n",
       "767      0.315   23  1.2214     False  "
      ]
     },
     "execution_count": 5,
     "metadata": {},
     "output_type": "execute_result"
    }
   ],
   "source": [
    "df.tail(5)"
   ]
  },
  {
   "cell_type": "markdown",
   "id": "7541dcdb",
   "metadata": {},
   "source": [
    "# Preparing Data"
   ]
  },
  {
   "cell_type": "code",
   "execution_count": 6,
   "id": "13ced4b0",
   "metadata": {},
   "outputs": [
    {
     "data": {
      "text/html": [
       "<div>\n",
       "<style scoped>\n",
       "    .dataframe tbody tr th:only-of-type {\n",
       "        vertical-align: middle;\n",
       "    }\n",
       "\n",
       "    .dataframe tbody tr th {\n",
       "        vertical-align: top;\n",
       "    }\n",
       "\n",
       "    .dataframe thead th {\n",
       "        text-align: right;\n",
       "    }\n",
       "</style>\n",
       "<table border=\"1\" class=\"dataframe\">\n",
       "  <thead>\n",
       "    <tr style=\"text-align: right;\">\n",
       "      <th></th>\n",
       "      <th>num_preg</th>\n",
       "      <th>glucose_conc</th>\n",
       "      <th>diastolic_bp</th>\n",
       "      <th>thickness</th>\n",
       "      <th>insulin</th>\n",
       "      <th>bmi</th>\n",
       "      <th>diab_pred</th>\n",
       "      <th>age</th>\n",
       "      <th>skin</th>\n",
       "      <th>diabetes</th>\n",
       "    </tr>\n",
       "  </thead>\n",
       "  <tbody>\n",
       "    <tr>\n",
       "      <th>num_preg</th>\n",
       "      <td>1.000000</td>\n",
       "      <td>0.129459</td>\n",
       "      <td>0.141282</td>\n",
       "      <td>-0.081672</td>\n",
       "      <td>-0.073535</td>\n",
       "      <td>0.017683</td>\n",
       "      <td>-0.033523</td>\n",
       "      <td>0.544341</td>\n",
       "      <td>-0.081672</td>\n",
       "      <td>0.221898</td>\n",
       "    </tr>\n",
       "    <tr>\n",
       "      <th>glucose_conc</th>\n",
       "      <td>0.129459</td>\n",
       "      <td>1.000000</td>\n",
       "      <td>0.152590</td>\n",
       "      <td>0.057328</td>\n",
       "      <td>0.331357</td>\n",
       "      <td>0.221071</td>\n",
       "      <td>0.137337</td>\n",
       "      <td>0.263514</td>\n",
       "      <td>0.057328</td>\n",
       "      <td>0.466581</td>\n",
       "    </tr>\n",
       "    <tr>\n",
       "      <th>diastolic_bp</th>\n",
       "      <td>0.141282</td>\n",
       "      <td>0.152590</td>\n",
       "      <td>1.000000</td>\n",
       "      <td>0.207371</td>\n",
       "      <td>0.088933</td>\n",
       "      <td>0.281805</td>\n",
       "      <td>0.041265</td>\n",
       "      <td>0.239528</td>\n",
       "      <td>0.207371</td>\n",
       "      <td>0.065068</td>\n",
       "    </tr>\n",
       "    <tr>\n",
       "      <th>thickness</th>\n",
       "      <td>-0.081672</td>\n",
       "      <td>0.057328</td>\n",
       "      <td>0.207371</td>\n",
       "      <td>1.000000</td>\n",
       "      <td>0.436783</td>\n",
       "      <td>0.392573</td>\n",
       "      <td>0.183928</td>\n",
       "      <td>-0.113970</td>\n",
       "      <td>1.000000</td>\n",
       "      <td>0.074752</td>\n",
       "    </tr>\n",
       "    <tr>\n",
       "      <th>insulin</th>\n",
       "      <td>-0.073535</td>\n",
       "      <td>0.331357</td>\n",
       "      <td>0.088933</td>\n",
       "      <td>0.436783</td>\n",
       "      <td>1.000000</td>\n",
       "      <td>0.197859</td>\n",
       "      <td>0.185071</td>\n",
       "      <td>-0.042163</td>\n",
       "      <td>0.436783</td>\n",
       "      <td>0.130548</td>\n",
       "    </tr>\n",
       "    <tr>\n",
       "      <th>bmi</th>\n",
       "      <td>0.017683</td>\n",
       "      <td>0.221071</td>\n",
       "      <td>0.281805</td>\n",
       "      <td>0.392573</td>\n",
       "      <td>0.197859</td>\n",
       "      <td>1.000000</td>\n",
       "      <td>0.140647</td>\n",
       "      <td>0.036242</td>\n",
       "      <td>0.392573</td>\n",
       "      <td>0.292695</td>\n",
       "    </tr>\n",
       "    <tr>\n",
       "      <th>diab_pred</th>\n",
       "      <td>-0.033523</td>\n",
       "      <td>0.137337</td>\n",
       "      <td>0.041265</td>\n",
       "      <td>0.183928</td>\n",
       "      <td>0.185071</td>\n",
       "      <td>0.140647</td>\n",
       "      <td>1.000000</td>\n",
       "      <td>0.033561</td>\n",
       "      <td>0.183928</td>\n",
       "      <td>0.173844</td>\n",
       "    </tr>\n",
       "    <tr>\n",
       "      <th>age</th>\n",
       "      <td>0.544341</td>\n",
       "      <td>0.263514</td>\n",
       "      <td>0.239528</td>\n",
       "      <td>-0.113970</td>\n",
       "      <td>-0.042163</td>\n",
       "      <td>0.036242</td>\n",
       "      <td>0.033561</td>\n",
       "      <td>1.000000</td>\n",
       "      <td>-0.113970</td>\n",
       "      <td>0.238356</td>\n",
       "    </tr>\n",
       "    <tr>\n",
       "      <th>skin</th>\n",
       "      <td>-0.081672</td>\n",
       "      <td>0.057328</td>\n",
       "      <td>0.207371</td>\n",
       "      <td>1.000000</td>\n",
       "      <td>0.436783</td>\n",
       "      <td>0.392573</td>\n",
       "      <td>0.183928</td>\n",
       "      <td>-0.113970</td>\n",
       "      <td>1.000000</td>\n",
       "      <td>0.074752</td>\n",
       "    </tr>\n",
       "    <tr>\n",
       "      <th>diabetes</th>\n",
       "      <td>0.221898</td>\n",
       "      <td>0.466581</td>\n",
       "      <td>0.065068</td>\n",
       "      <td>0.074752</td>\n",
       "      <td>0.130548</td>\n",
       "      <td>0.292695</td>\n",
       "      <td>0.173844</td>\n",
       "      <td>0.238356</td>\n",
       "      <td>0.074752</td>\n",
       "      <td>1.000000</td>\n",
       "    </tr>\n",
       "  </tbody>\n",
       "</table>\n",
       "</div>"
      ],
      "text/plain": [
       "              num_preg  glucose_conc  diastolic_bp  thickness   insulin  \\\n",
       "num_preg      1.000000      0.129459      0.141282  -0.081672 -0.073535   \n",
       "glucose_conc  0.129459      1.000000      0.152590   0.057328  0.331357   \n",
       "diastolic_bp  0.141282      0.152590      1.000000   0.207371  0.088933   \n",
       "thickness    -0.081672      0.057328      0.207371   1.000000  0.436783   \n",
       "insulin      -0.073535      0.331357      0.088933   0.436783  1.000000   \n",
       "bmi           0.017683      0.221071      0.281805   0.392573  0.197859   \n",
       "diab_pred    -0.033523      0.137337      0.041265   0.183928  0.185071   \n",
       "age           0.544341      0.263514      0.239528  -0.113970 -0.042163   \n",
       "skin         -0.081672      0.057328      0.207371   1.000000  0.436783   \n",
       "diabetes      0.221898      0.466581      0.065068   0.074752  0.130548   \n",
       "\n",
       "                   bmi  diab_pred       age      skin  diabetes  \n",
       "num_preg      0.017683  -0.033523  0.544341 -0.081672  0.221898  \n",
       "glucose_conc  0.221071   0.137337  0.263514  0.057328  0.466581  \n",
       "diastolic_bp  0.281805   0.041265  0.239528  0.207371  0.065068  \n",
       "thickness     0.392573   0.183928 -0.113970  1.000000  0.074752  \n",
       "insulin       0.197859   0.185071 -0.042163  0.436783  0.130548  \n",
       "bmi           1.000000   0.140647  0.036242  0.392573  0.292695  \n",
       "diab_pred     0.140647   1.000000  0.033561  0.183928  0.173844  \n",
       "age           0.036242   0.033561  1.000000 -0.113970  0.238356  \n",
       "skin          0.392573   0.183928 -0.113970  1.000000  0.074752  \n",
       "diabetes      0.292695   0.173844  0.238356  0.074752  1.000000  "
      ]
     },
     "execution_count": 6,
     "metadata": {},
     "output_type": "execute_result"
    }
   ],
   "source": [
    "df.corr()"
   ]
  },
  {
   "cell_type": "code",
   "execution_count": 7,
   "id": "ba54632a",
   "metadata": {},
   "outputs": [
    {
     "ename": "NameError",
     "evalue": "name 'plot_corr' is not defined",
     "output_type": "error",
     "traceback": [
      "\u001b[0;31m---------------------------------------------------------------------------\u001b[0m",
      "\u001b[0;31mNameError\u001b[0m                                 Traceback (most recent call last)",
      "\u001b[0;32m/var/folders/_r/q6_w6zf56pl9jl21_tdfjs8r0000gn/T/ipykernel_16473/3897100274.py\u001b[0m in \u001b[0;36m<module>\u001b[0;34m\u001b[0m\n\u001b[0;32m----> 1\u001b[0;31m \u001b[0mplot_corr\u001b[0m\u001b[0;34m(\u001b[0m\u001b[0mdf\u001b[0m\u001b[0;34m)\u001b[0m\u001b[0;34m\u001b[0m\u001b[0;34m\u001b[0m\u001b[0m\n\u001b[0m",
      "\u001b[0;31mNameError\u001b[0m: name 'plot_corr' is not defined"
     ]
    }
   ],
   "source": [
    "plot_corr(df)"
   ]
  },
  {
   "cell_type": "code",
   "execution_count": 8,
   "id": "88c45307",
   "metadata": {},
   "outputs": [],
   "source": [
    "del df['skin']"
   ]
  },
  {
   "cell_type": "code",
   "execution_count": 9,
   "id": "f0f51982",
   "metadata": {},
   "outputs": [
    {
     "data": {
      "text/html": [
       "<div>\n",
       "<style scoped>\n",
       "    .dataframe tbody tr th:only-of-type {\n",
       "        vertical-align: middle;\n",
       "    }\n",
       "\n",
       "    .dataframe tbody tr th {\n",
       "        vertical-align: top;\n",
       "    }\n",
       "\n",
       "    .dataframe thead th {\n",
       "        text-align: right;\n",
       "    }\n",
       "</style>\n",
       "<table border=\"1\" class=\"dataframe\">\n",
       "  <thead>\n",
       "    <tr style=\"text-align: right;\">\n",
       "      <th></th>\n",
       "      <th>num_preg</th>\n",
       "      <th>glucose_conc</th>\n",
       "      <th>diastolic_bp</th>\n",
       "      <th>thickness</th>\n",
       "      <th>insulin</th>\n",
       "      <th>bmi</th>\n",
       "      <th>diab_pred</th>\n",
       "      <th>age</th>\n",
       "      <th>diabetes</th>\n",
       "    </tr>\n",
       "  </thead>\n",
       "  <tbody>\n",
       "    <tr>\n",
       "      <th>0</th>\n",
       "      <td>6</td>\n",
       "      <td>148</td>\n",
       "      <td>72</td>\n",
       "      <td>35</td>\n",
       "      <td>0</td>\n",
       "      <td>33.6</td>\n",
       "      <td>0.627</td>\n",
       "      <td>50</td>\n",
       "      <td>True</td>\n",
       "    </tr>\n",
       "    <tr>\n",
       "      <th>1</th>\n",
       "      <td>1</td>\n",
       "      <td>85</td>\n",
       "      <td>66</td>\n",
       "      <td>29</td>\n",
       "      <td>0</td>\n",
       "      <td>26.6</td>\n",
       "      <td>0.351</td>\n",
       "      <td>31</td>\n",
       "      <td>False</td>\n",
       "    </tr>\n",
       "    <tr>\n",
       "      <th>2</th>\n",
       "      <td>8</td>\n",
       "      <td>183</td>\n",
       "      <td>64</td>\n",
       "      <td>0</td>\n",
       "      <td>0</td>\n",
       "      <td>23.3</td>\n",
       "      <td>0.672</td>\n",
       "      <td>32</td>\n",
       "      <td>True</td>\n",
       "    </tr>\n",
       "    <tr>\n",
       "      <th>3</th>\n",
       "      <td>1</td>\n",
       "      <td>89</td>\n",
       "      <td>66</td>\n",
       "      <td>23</td>\n",
       "      <td>94</td>\n",
       "      <td>28.1</td>\n",
       "      <td>0.167</td>\n",
       "      <td>21</td>\n",
       "      <td>False</td>\n",
       "    </tr>\n",
       "    <tr>\n",
       "      <th>4</th>\n",
       "      <td>0</td>\n",
       "      <td>137</td>\n",
       "      <td>40</td>\n",
       "      <td>35</td>\n",
       "      <td>168</td>\n",
       "      <td>43.1</td>\n",
       "      <td>2.288</td>\n",
       "      <td>33</td>\n",
       "      <td>True</td>\n",
       "    </tr>\n",
       "  </tbody>\n",
       "</table>\n",
       "</div>"
      ],
      "text/plain": [
       "   num_preg  glucose_conc  diastolic_bp  thickness  insulin   bmi  diab_pred  \\\n",
       "0         6           148            72         35        0  33.6      0.627   \n",
       "1         1            85            66         29        0  26.6      0.351   \n",
       "2         8           183            64          0        0  23.3      0.672   \n",
       "3         1            89            66         23       94  28.1      0.167   \n",
       "4         0           137            40         35      168  43.1      2.288   \n",
       "\n",
       "   age  diabetes  \n",
       "0   50      True  \n",
       "1   31     False  \n",
       "2   32      True  \n",
       "3   21     False  \n",
       "4   33      True  "
      ]
     },
     "execution_count": 9,
     "metadata": {},
     "output_type": "execute_result"
    }
   ],
   "source": [
    "df.head(5)"
   ]
  },
  {
   "cell_type": "code",
   "execution_count": 10,
   "id": "a520e071",
   "metadata": {},
   "outputs": [
    {
     "data": {
      "text/html": [
       "<div>\n",
       "<style scoped>\n",
       "    .dataframe tbody tr th:only-of-type {\n",
       "        vertical-align: middle;\n",
       "    }\n",
       "\n",
       "    .dataframe tbody tr th {\n",
       "        vertical-align: top;\n",
       "    }\n",
       "\n",
       "    .dataframe thead th {\n",
       "        text-align: right;\n",
       "    }\n",
       "</style>\n",
       "<table border=\"1\" class=\"dataframe\">\n",
       "  <thead>\n",
       "    <tr style=\"text-align: right;\">\n",
       "      <th></th>\n",
       "      <th>num_preg</th>\n",
       "      <th>glucose_conc</th>\n",
       "      <th>diastolic_bp</th>\n",
       "      <th>thickness</th>\n",
       "      <th>insulin</th>\n",
       "      <th>bmi</th>\n",
       "      <th>diab_pred</th>\n",
       "      <th>age</th>\n",
       "      <th>diabetes</th>\n",
       "    </tr>\n",
       "  </thead>\n",
       "  <tbody>\n",
       "    <tr>\n",
       "      <th>num_preg</th>\n",
       "      <td>1.000000</td>\n",
       "      <td>0.129459</td>\n",
       "      <td>0.141282</td>\n",
       "      <td>-0.081672</td>\n",
       "      <td>-0.073535</td>\n",
       "      <td>0.017683</td>\n",
       "      <td>-0.033523</td>\n",
       "      <td>0.544341</td>\n",
       "      <td>0.221898</td>\n",
       "    </tr>\n",
       "    <tr>\n",
       "      <th>glucose_conc</th>\n",
       "      <td>0.129459</td>\n",
       "      <td>1.000000</td>\n",
       "      <td>0.152590</td>\n",
       "      <td>0.057328</td>\n",
       "      <td>0.331357</td>\n",
       "      <td>0.221071</td>\n",
       "      <td>0.137337</td>\n",
       "      <td>0.263514</td>\n",
       "      <td>0.466581</td>\n",
       "    </tr>\n",
       "    <tr>\n",
       "      <th>diastolic_bp</th>\n",
       "      <td>0.141282</td>\n",
       "      <td>0.152590</td>\n",
       "      <td>1.000000</td>\n",
       "      <td>0.207371</td>\n",
       "      <td>0.088933</td>\n",
       "      <td>0.281805</td>\n",
       "      <td>0.041265</td>\n",
       "      <td>0.239528</td>\n",
       "      <td>0.065068</td>\n",
       "    </tr>\n",
       "    <tr>\n",
       "      <th>thickness</th>\n",
       "      <td>-0.081672</td>\n",
       "      <td>0.057328</td>\n",
       "      <td>0.207371</td>\n",
       "      <td>1.000000</td>\n",
       "      <td>0.436783</td>\n",
       "      <td>0.392573</td>\n",
       "      <td>0.183928</td>\n",
       "      <td>-0.113970</td>\n",
       "      <td>0.074752</td>\n",
       "    </tr>\n",
       "    <tr>\n",
       "      <th>insulin</th>\n",
       "      <td>-0.073535</td>\n",
       "      <td>0.331357</td>\n",
       "      <td>0.088933</td>\n",
       "      <td>0.436783</td>\n",
       "      <td>1.000000</td>\n",
       "      <td>0.197859</td>\n",
       "      <td>0.185071</td>\n",
       "      <td>-0.042163</td>\n",
       "      <td>0.130548</td>\n",
       "    </tr>\n",
       "    <tr>\n",
       "      <th>bmi</th>\n",
       "      <td>0.017683</td>\n",
       "      <td>0.221071</td>\n",
       "      <td>0.281805</td>\n",
       "      <td>0.392573</td>\n",
       "      <td>0.197859</td>\n",
       "      <td>1.000000</td>\n",
       "      <td>0.140647</td>\n",
       "      <td>0.036242</td>\n",
       "      <td>0.292695</td>\n",
       "    </tr>\n",
       "    <tr>\n",
       "      <th>diab_pred</th>\n",
       "      <td>-0.033523</td>\n",
       "      <td>0.137337</td>\n",
       "      <td>0.041265</td>\n",
       "      <td>0.183928</td>\n",
       "      <td>0.185071</td>\n",
       "      <td>0.140647</td>\n",
       "      <td>1.000000</td>\n",
       "      <td>0.033561</td>\n",
       "      <td>0.173844</td>\n",
       "    </tr>\n",
       "    <tr>\n",
       "      <th>age</th>\n",
       "      <td>0.544341</td>\n",
       "      <td>0.263514</td>\n",
       "      <td>0.239528</td>\n",
       "      <td>-0.113970</td>\n",
       "      <td>-0.042163</td>\n",
       "      <td>0.036242</td>\n",
       "      <td>0.033561</td>\n",
       "      <td>1.000000</td>\n",
       "      <td>0.238356</td>\n",
       "    </tr>\n",
       "    <tr>\n",
       "      <th>diabetes</th>\n",
       "      <td>0.221898</td>\n",
       "      <td>0.466581</td>\n",
       "      <td>0.065068</td>\n",
       "      <td>0.074752</td>\n",
       "      <td>0.130548</td>\n",
       "      <td>0.292695</td>\n",
       "      <td>0.173844</td>\n",
       "      <td>0.238356</td>\n",
       "      <td>1.000000</td>\n",
       "    </tr>\n",
       "  </tbody>\n",
       "</table>\n",
       "</div>"
      ],
      "text/plain": [
       "              num_preg  glucose_conc  diastolic_bp  thickness   insulin  \\\n",
       "num_preg      1.000000      0.129459      0.141282  -0.081672 -0.073535   \n",
       "glucose_conc  0.129459      1.000000      0.152590   0.057328  0.331357   \n",
       "diastolic_bp  0.141282      0.152590      1.000000   0.207371  0.088933   \n",
       "thickness    -0.081672      0.057328      0.207371   1.000000  0.436783   \n",
       "insulin      -0.073535      0.331357      0.088933   0.436783  1.000000   \n",
       "bmi           0.017683      0.221071      0.281805   0.392573  0.197859   \n",
       "diab_pred    -0.033523      0.137337      0.041265   0.183928  0.185071   \n",
       "age           0.544341      0.263514      0.239528  -0.113970 -0.042163   \n",
       "diabetes      0.221898      0.466581      0.065068   0.074752  0.130548   \n",
       "\n",
       "                   bmi  diab_pred       age  diabetes  \n",
       "num_preg      0.017683  -0.033523  0.544341  0.221898  \n",
       "glucose_conc  0.221071   0.137337  0.263514  0.466581  \n",
       "diastolic_bp  0.281805   0.041265  0.239528  0.065068  \n",
       "thickness     0.392573   0.183928 -0.113970  0.074752  \n",
       "insulin       0.197859   0.185071 -0.042163  0.130548  \n",
       "bmi           1.000000   0.140647  0.036242  0.292695  \n",
       "diab_pred     0.140647   1.000000  0.033561  0.173844  \n",
       "age           0.036242   0.033561  1.000000  0.238356  \n",
       "diabetes      0.292695   0.173844  0.238356  1.000000  "
      ]
     },
     "execution_count": 10,
     "metadata": {},
     "output_type": "execute_result"
    }
   ],
   "source": [
    "df.corr()"
   ]
  },
  {
   "cell_type": "code",
   "execution_count": 11,
   "id": "39a22562",
   "metadata": {},
   "outputs": [
    {
     "data": {
      "text/plain": [
       "num_preg        False\n",
       "glucose_conc    False\n",
       "diastolic_bp    False\n",
       "thickness       False\n",
       "insulin         False\n",
       "bmi             False\n",
       "diab_pred       False\n",
       "age             False\n",
       "diabetes        False\n",
       "dtype: bool"
      ]
     },
     "execution_count": 11,
     "metadata": {},
     "output_type": "execute_result"
    }
   ],
   "source": [
    "df.isnull().any()"
   ]
  },
  {
   "cell_type": "code",
   "execution_count": 12,
   "id": "8da82ea6",
   "metadata": {},
   "outputs": [
    {
     "data": {
      "text/plain": [
       "False"
      ]
     },
     "execution_count": 12,
     "metadata": {},
     "output_type": "execute_result"
    }
   ],
   "source": [
    "df.isnull().values.any()"
   ]
  },
  {
   "cell_type": "code",
   "execution_count": 15,
   "id": "a3aec526",
   "metadata": {},
   "outputs": [],
   "source": [
    "def plot_corr(df,size=11):\n",
    "    corr = df.corr()\n",
    "    fig,ax = plt.subplots(figsize=(size,size))\n",
    "    ax.matshow(corr)\n",
    "    plt.xticks(range(len(corr.columns)),corr.columns)\n",
    "    plt.yticks(range(len(corr.columns)),corr.columns)"
   ]
  },
  {
   "cell_type": "code",
   "execution_count": 16,
   "id": "bacc1e11",
   "metadata": {},
   "outputs": [
    {
     "data": {
